date_year,date_month,H0,H3,H6,H9,H12,recession
1960,1,NaN,NaN,NaN,NaN,NaN,0
1960,2,NaN,NaN,NaN,NaN,NaN,0
1960,3,NaN,NaN,NaN,NaN,NaN,0
1960,4,NaN,NaN,NaN,NaN,NaN,0
1960,5,NaN,NaN,NaN,NaN,NaN,1
1960,6,NaN,NaN,NaN,NaN,NaN,1
1960,7,NaN,NaN,NaN,NaN,NaN,1
1960,8,NaN,NaN,NaN,NaN,NaN,1
1960,9,NaN,NaN,NaN,NaN,NaN,1
1960,10,NaN,NaN,NaN,NaN,NaN,1
1960,11,NaN,NaN,NaN,NaN,NaN,1
1960,12,NaN,NaN,NaN,NaN,NaN,1
1961,1,NaN,NaN,NaN,NaN,NaN,1
1961,2,NaN,NaN,NaN,NaN,NaN,1
1961,3,NaN,NaN,NaN,NaN,NaN,0
1961,4,NaN,NaN,NaN,NaN,NaN,0
1961,5,NaN,NaN,NaN,NaN,NaN,0
1961,6,NaN,NaN,NaN,NaN,NaN,0
1961,7,NaN,NaN,NaN,NaN,NaN,0
1961,8,NaN,NaN,NaN,NaN,NaN,0
1961,9,NaN,NaN,NaN,NaN,NaN,0
1961,10,NaN,NaN,NaN,NaN,NaN,0
1961,11,NaN,NaN,NaN,NaN,NaN,0
1961,12,NaN,NaN,NaN,NaN,NaN,0
1962,1,NaN,NaN,NaN,NaN,NaN,0
1962,2,NaN,NaN,NaN,NaN,NaN,0
1962,3,NaN,NaN,NaN,NaN,NaN,0
1962,4,NaN,NaN,NaN,NaN,NaN,0
1962,5,NaN,NaN,NaN,NaN,NaN,0
1962,6,NaN,NaN,NaN,NaN,NaN,0
1962,7,NaN,NaN,NaN,NaN,NaN,0
1962,8,NaN,NaN,NaN,NaN,NaN,0
1962,9,NaN,NaN,NaN,NaN,NaN,0
1962,10,NaN,NaN,NaN,NaN,NaN,0
1962,11,NaN,NaN,NaN,NaN,NaN,0
1962,12,NaN,NaN,NaN,NaN,NaN,0
1963,1,NaN,NaN,NaN,NaN,NaN,0
1963,2,NaN,NaN,NaN,NaN,NaN,0
1963,3,NaN,NaN,NaN,NaN,NaN,0
1963,4,NaN,NaN,NaN,NaN,NaN,0
1963,5,NaN,NaN,NaN,NaN,NaN,0
1963,6,NaN,NaN,NaN,NaN,NaN,0
1963,7,NaN,NaN,NaN,NaN,NaN,0
1963,8,NaN,NaN,NaN,NaN,NaN,0
1963,9,NaN,NaN,NaN,NaN,NaN,0
1963,10,NaN,NaN,NaN,NaN,NaN,0
1963,11,NaN,NaN,NaN,NaN,NaN,0
1963,12,NaN,NaN,NaN,NaN,NaN,0
1964,1,NaN,NaN,NaN,NaN,NaN,0
1964,2,NaN,NaN,NaN,NaN,NaN,0
1964,3,NaN,NaN,NaN,NaN,NaN,0
1964,4,NaN,NaN,NaN,NaN,NaN,0
1964,5,NaN,NaN,NaN,NaN,NaN,0
1964,6,NaN,NaN,NaN,NaN,NaN,0
1964,7,NaN,NaN,NaN,NaN,NaN,0
1964,8,NaN,NaN,NaN,NaN,NaN,0
1964,9,NaN,NaN,NaN,NaN,NaN,0
1964,10,NaN,NaN,NaN,NaN,NaN,0
1964,11,NaN,NaN,NaN,NaN,NaN,0
1964,12,NaN,NaN,NaN,NaN,NaN,0
1965,1,NaN,NaN,NaN,NaN,NaN,0
1965,2,NaN,NaN,NaN,NaN,NaN,0
1965,3,NaN,NaN,NaN,NaN,NaN,0
1965,4,NaN,NaN,NaN,NaN,NaN,0
1965,5,NaN,NaN,NaN,NaN,NaN,0
1965,6,NaN,NaN,NaN,NaN,NaN,0
1965,7,NaN,NaN,NaN,NaN,NaN,0
1965,8,NaN,NaN,NaN,NaN,NaN,0
1965,9,NaN,NaN,NaN,NaN,NaN,0
1965,10,NaN,NaN,NaN,NaN,NaN,0
1965,11,NaN,NaN,NaN,NaN,NaN,0
1965,12,NaN,NaN,NaN,NaN,NaN,0
1966,1,NaN,NaN,NaN,NaN,NaN,0
1966,2,NaN,NaN,NaN,NaN,NaN,0
1966,3,NaN,NaN,NaN,NaN,NaN,0
1966,4,NaN,NaN,NaN,NaN,NaN,0
1966,5,NaN,NaN,NaN,NaN,NaN,0
1966,6,NaN,NaN,NaN,NaN,NaN,0
1966,7,NaN,NaN,NaN,NaN,NaN,0
1966,8,NaN,NaN,NaN,NaN,NaN,0
1966,9,NaN,NaN,NaN,NaN,NaN,0
1966,10,NaN,NaN,NaN,NaN,NaN,0
1966,11,NaN,NaN,NaN,NaN,NaN,0
1966,12,NaN,NaN,NaN,NaN,NaN,0
1967,1,NaN,NaN,NaN,NaN,NaN,0
1967,2,NaN,NaN,NaN,NaN,NaN,0
1967,3,NaN,NaN,NaN,NaN,NaN,0
1967,4,NaN,NaN,NaN,NaN,NaN,0
1967,5,NaN,NaN,NaN,NaN,NaN,0
1967,6,NaN,NaN,NaN,NaN,NaN,0
1967,7,NaN,NaN,NaN,NaN,NaN,0
1967,8,NaN,NaN,NaN,NaN,NaN,0
1967,9,NaN,NaN,NaN,NaN,NaN,0
1967,10,NaN,NaN,NaN,NaN,NaN,0
1967,11,NaN,NaN,NaN,NaN,NaN,0
1967,12,NaN,NaN,NaN,NaN,NaN,0
1968,1,NaN,NaN,NaN,NaN,NaN,0
1968,2,NaN,NaN,NaN,NaN,NaN,0
1968,3,NaN,NaN,NaN,NaN,NaN,0
1968,4,NaN,NaN,NaN,NaN,NaN,0
1968,5,NaN,NaN,NaN,NaN,NaN,0
1968,6,NaN,NaN,NaN,NaN,NaN,0
1968,7,NaN,NaN,NaN,NaN,NaN,0
1968,8,NaN,NaN,NaN,NaN,NaN,0
1968,9,NaN,NaN,NaN,NaN,NaN,0
1968,10,NaN,NaN,NaN,NaN,NaN,0
1968,11,NaN,NaN,NaN,NaN,NaN,0
1968,12,NaN,NaN,NaN,NaN,NaN,0
1969,1,NaN,NaN,NaN,NaN,NaN,0
1969,2,NaN,NaN,NaN,NaN,NaN,0
1969,3,NaN,NaN,NaN,NaN,NaN,0
1969,4,NaN,NaN,NaN,NaN,NaN,0
1969,5,NaN,NaN,NaN,NaN,NaN,0
1969,6,NaN,NaN,NaN,NaN,NaN,0
1969,7,NaN,NaN,NaN,NaN,NaN,0
1969,8,NaN,NaN,NaN,NaN,NaN,0
1969,9,NaN,NaN,NaN,NaN,NaN,0
1969,10,NaN,NaN,NaN,NaN,NaN,0
1969,11,NaN,NaN,NaN,NaN,NaN,0
1969,12,NaN,NaN,NaN,NaN,NaN,0
1970,1,NaN,NaN,NaN,NaN,NaN,1
1970,2,NaN,NaN,NaN,NaN,NaN,1
1970,3,NaN,NaN,NaN,NaN,NaN,1
1970,4,NaN,NaN,NaN,NaN,NaN,1
1970,5,NaN,NaN,NaN,NaN,NaN,1
1970,6,NaN,NaN,NaN,NaN,NaN,1
1970,7,NaN,NaN,NaN,NaN,NaN,1
1970,8,NaN,NaN,NaN,NaN,NaN,1
1970,9,NaN,NaN,NaN,NaN,NaN,1
1970,10,NaN,NaN,NaN,NaN,NaN,1
1970,11,NaN,NaN,NaN,NaN,NaN,1
1970,12,NaN,NaN,NaN,NaN,NaN,0
1971,1,NaN,NaN,NaN,NaN,NaN,0
1971,2,NaN,NaN,NaN,NaN,NaN,0
1971,3,NaN,NaN,NaN,NaN,NaN,0
1971,4,NaN,NaN,NaN,NaN,NaN,0
1971,5,NaN,NaN,NaN,NaN,NaN,0
1971,6,NaN,NaN,NaN,NaN,NaN,0
1971,7,NaN,NaN,NaN,NaN,NaN,0
1971,8,NaN,NaN,NaN,NaN,NaN,0
1971,9,NaN,NaN,NaN,NaN,NaN,0
1971,10,NaN,NaN,NaN,NaN,NaN,0
1971,11,NaN,NaN,NaN,NaN,NaN,0
1971,12,NaN,NaN,NaN,NaN,NaN,0
1972,1,NaN,NaN,NaN,NaN,NaN,0
1972,2,NaN,NaN,NaN,NaN,NaN,0
1972,3,NaN,NaN,NaN,NaN,NaN,0
1972,4,NaN,NaN,NaN,NaN,NaN,0
1972,5,NaN,NaN,NaN,NaN,NaN,0
1972,6,NaN,NaN,NaN,NaN,NaN,0
1972,7,NaN,NaN,NaN,NaN,NaN,0
1972,8,NaN,NaN,NaN,NaN,NaN,0
1972,9,NaN,NaN,NaN,NaN,NaN,0
1972,10,NaN,NaN,NaN,NaN,NaN,0
1972,11,NaN,NaN,NaN,NaN,NaN,0
1972,12,NaN,NaN,NaN,NaN,NaN,0
1973,1,4.65418761812963e-61,NaN,NaN,NaN,NaN,0
1973,2,5.50056409614912e-62,NaN,NaN,NaN,NaN,0
1973,3,7.22380244832334e-58,NaN,NaN,NaN,NaN,0
1973,4,1.78634506028609e-51,7.97382017752023e-21,NaN,NaN,NaN,0
1973,5,3.22223505323163e-43,1.53301059003552e-20,NaN,NaN,NaN,0
1973,6,1.14002850961004e-36,4.78355888424745e-20,NaN,NaN,NaN,0
1973,7,3.31500021742616e-26,4.13653346213123e-18,2.09424205156705e-12,NaN,NaN,0
1973,8,4.72947644823084e-21,4.28556101695141e-14,3.21963781477252e-13,NaN,NaN,0
1973,9,6.89658386330868e-17,2.68597356615371e-13,9.87556864529244e-13,NaN,NaN,0
1973,10,5.06058188621229e-14,2.24176466920301e-06,8.6393323433096e-12,1.19733131358377e-11,NaN,0
1973,11,2.48378044464224e-12,0.000139520128687425,1.90084498903604e-09,2.51958728738772e-13,NaN,0
1973,12,2.13633429797754e-07,0.920424609686467,9.3629848228988e-07,2.71284676881729e-12,NaN,1
1974,1,0.768154603592203,0.999999972130297,0.46598791699914,8.69694131986574e-13,1.82232506073652e-22,1
1974,2,0.999999999987722,0.999999999999673,0.999999736042589,1.81985500754329e-10,8.11020680556825e-24,1
1974,3,1,1,1,7.69187093512987e-07,1.24574386935586e-23,1
1974,4,1,1,1,0.925151688647183,8.59640916405915e-23,1
1974,5,1,1,1,0.999999999190322,3.70655040758512e-21,1
1974,6,1,1,1,1,2.13924125532299e-16,1
1974,7,1,1,1,1,1.20892399762051e-07,1
1974,8,1,1,1,1,0.991086054802138,1
1974,9,1,1,1,1,0.999999999999758,1
1974,10,1,1,1,1,1,1
1974,11,1,1,1,1,1,1
1974,12,1,1,1,1,1,1
1975,1,1,1,1,1,1,1
1975,2,1,1,1,1,1,1
1975,3,1,1,1,1,1,1
1975,4,1,1,1,1,1,0
1975,5,1,1,1,1,1,0
1975,6,1,1,1,1,1,0
1975,7,0.999999999998579,1,1,1,1,0
1975,8,0.710062576637723,1,1,1,1,0
1975,9,5.13671102556356e-08,0.99999999983541,1,1,1,0
1975,10,9.95642845236413e-13,0.999990285194977,1,1,1,0
1975,11,3.62995608612654e-16,0.0114967567458504,0.999999959844332,0.999999983705237,1,0
1975,12,9.10904496737703e-17,7.37356510424762e-09,0.988327120784124,0.974780293796516,0.999999998688452,0
1976,1,5.41232759089153e-17,2.91898377082971e-13,0.045017846873024,5.61704106912976e-10,3.73069257014696e-07,0
1976,2,1.9642337248054e-18,1.1199454866194e-15,2.7218184087793e-09,6.04890603252525e-25,1.39750522031841e-35,0
1976,3,2.82549852986488e-20,1.91215165876035e-16,7.66463350619762e-13,1.79491625058358e-24,5.45862357726299e-53,0
1976,4,2.43824977624648e-21,1.0328229533341e-14,2.53682295243445e-16,2.96749099764642e-20,5.58210116953401e-59,0
1976,5,5.08136646889505e-21,1.91557413418335e-15,7.95287356479194e-17,1.50487145409272e-20,1.7723135621272e-69,0
1976,6,1.06527286356486e-19,1.28676592157222e-14,2.03641398124739e-14,1.01729652415449e-25,2.85647686924537e-67,0
1976,7,3.40071042247005e-18,8.79675039007464e-15,2.18657242473817e-13,1.14608193237284e-30,2.63272682314831e-54,0
1976,8,7.69684728441536e-17,1.30104914617136e-14,6.15133032104433e-14,5.05511821152026e-29,8.11782041607829e-47,0
1976,9,4.90716904279714e-15,8.00162831013202e-14,3.27779949418841e-13,1.18576033481243e-26,2.89649833816264e-50,0
1976,10,2.54090243152681e-14,4.17192272811531e-13,3.45457040003683e-13,1.09922063821948e-18,1.45777875249714e-43,0
1976,11,2.73413371168425e-14,2.78324760190708e-12,2.66762832486353e-12,9.36737296898041e-15,3.18768881550964e-30,0
1976,12,7.33597706343877e-14,1.88390676022397e-11,1.41760795623865e-11,9.07130542001414e-13,4.29536070928204e-22,0
1977,1,2.48614809406024e-13,9.53372929337074e-11,9.0078520114742e-11,1.4840219970302e-12,1.01018858653474e-17,0
1977,2,9.95128555719169e-12,1.09165261221437e-10,9.94588268777272e-10,2.84683814411662e-12,1.88011222965305e-12,0
1977,3,1.94215988317692e-12,7.3603740444615e-11,5.25585463572063e-09,5.5664866879095e-11,5.40468464882928e-11,0
1977,4,5.38785629198544e-13,6.61765180981788e-11,1.80534967027023e-08,2.02168486834522e-08,5.36634605326211e-10,0
1977,5,3.31920732190457e-14,2.58368526322652e-10,4.76239630242423e-09,4.60583157503282e-08,1.27475584563074e-07,0
1977,6,4.52911409132732e-16,3.2482112944689e-12,6.36130594606482e-10,1.88005571999024e-08,2.21430945441289e-07,0
1977,7,8.00422439950148e-17,1.26375694765749e-12,1.73595033053961e-11,3.55749885083106e-08,2.10012678293624e-05,0
1977,8,2.92734545025032e-16,1.01131659581269e-13,6.20994281540641e-11,6.37983816069757e-09,1.17288225298777e-05,0
1977,9,4.60886852902025e-16,3.03129561065847e-14,1.08960156084758e-12,7.59840784769735e-09,1.57392475267162e-06,0
1977,10,1.00472691851794e-15,1.27316702281056e-14,3.13743469250976e-13,2.76239271164479e-10,3.93212628598554e-05,0
1977,11,1.80078436866998e-15,1.65327278588231e-13,3.31859252185786e-13,3.36212105133459e-10,1.08449037176904e-05,0
1977,12,2.97585610197245e-16,6.24603303392843e-13,2.08062547942646e-13,7.52996079465548e-12,1.83310119790141e-06,0
1978,1,1.07284207201829e-15,3.19407860224991e-12,2.4127824254724e-13,1.87853119520498e-12,1.02195965074861e-07,0
1978,2,2.78638187333715e-14,8.7567497581073e-12,8.91375633408938e-12,1.54127314085337e-11,6.87100829943103e-08,0
1978,3,9.57369015904974e-14,5.19144896073649e-12,1.08265043761204e-10,3.38831440747927e-11,4.49220301708219e-09,0
1978,4,3.43846495358121e-13,1.21405859234052e-10,1.57737300168739e-09,3.03814147287774e-11,8.01863434988199e-10,0
1978,5,1.88396649823077e-13,7.36256622656101e-10,3.82264491360909e-09,5.9424307828866e-10,2.3318406322133e-09,0
1978,6,2.92595176639666e-14,1.05837969742597e-09,4.65358358926218e-09,5.63939172246079e-08,6.89549677693212e-09,0
1978,7,4.72746896000029e-16,2.26983604332132e-10,1.15799562572706e-07,2.07521082170207e-07,1.43312827890901e-08,0
1978,8,5.08693853154064e-17,1.47563670846411e-11,1.27310110303221e-07,1.63495157738043e-07,2.7668051545384e-08,0
1978,9,2.11234635559564e-18,7.62050783466843e-13,7.00721123976904e-08,1.40816731476702e-06,1.67830857653119e-06,0
1978,10,2.2139767006819e-18,1.59753626790668e-13,9.15230910384603e-10,2.68535292706172e-05,9.58817186460433e-06,0
1978,11,1.74620839230701e-17,4.84741150938675e-14,2.77727868110401e-10,5.98763189689991e-05,1.00271726327971e-05,0
1978,12,9.12957877680607e-17,6.03732746609514e-14,6.51297795831406e-11,4.92857344960094e-05,0.000238507162098591,0
1979,1,2.20522011708857e-15,4.2990454995757e-13,5.23420384945248e-11,5.66538929783471e-07,0.0131758564805547,0
1979,2,9.17309490855933e-14,1.66794612874609e-11,1.12560933187873e-10,9.59989409714253e-08,0.02159100023429,0
1979,3,8.65315086827833e-12,8.63481546544116e-11,3.43443502672511e-10,6.52436246276115e-08,0.026722829960317,0
1979,4,1.89229596337592e-09,3.04750939416044e-09,3.3271792758314e-09,5.48153807965703e-07,0.00259002676370166,0
1979,5,4.72866650859348e-07,1.45676760334317e-07,7.43624000722478e-08,1.40211438285505e-06,0.000325467669646207,0
1979,6,0.000326757432338376,2.14465210247151e-05,1.41289399603062e-06,1.39129184295649e-05,0.000223689200944983,0
1979,7,0.351923433949855,0.00216772054900005,2.5308259402434e-05,1.86388392698335e-05,0.00106277307233854,0
1979,8,0.999636944580914,0.115480570751806,0.0025744981342463,0.000194240907288146,0.00451954264318051,0
1979,9,0.999999997705913,0.987889361503263,0.174041322110615,0.0109719404872805,0.0305464831111337,0
1979,10,0.999999999984951,0.999998412746402,0.977214564144455,0.0415790420500181,0.0465352869943528,0
1979,11,0.999999999998465,0.999999980613581,0.999973174609098,0.541306698268797,0.0450294301316969,0
1979,12,1,0.999999999667025,0.999997625878639,0.999751460132025,0.51211954959641,0
1980,1,1,0.999999999998494,0.999999929582219,0.999995080219017,0.99455690614758,0
1980,2,1,0.999999999987267,0.999999995368327,0.999998023515963,0.999987460054581,1
1980,3,1,0.999999999999858,0.999997530027154,0.999993380175835,0.999999061802711,1
1980,4,1,1,0.999999998772225,0.999998175875875,0.99999435697888,1
1980,5,1,1,0.999999999599837,0.999997280937352,0.999996937134427,1
1980,6,1,1,0.999999999980872,0.997686475725703,0.999965761911209,1
1980,7,1,1,0.999999999999943,0.999999069124307,0.999980162050417,1
1980,8,1,1,0.999999999999929,0.999999908899231,0.999975503526694,0
1980,9,1,1,1,0.999999953952171,0.989023354915844,0
1980,10,1,1,1,0.999999998350489,0.999934694853643,0
1980,11,1,1,1,0.999999962220614,0.999683281495397,0
1980,12,0.999999999997982,1,1,0.999999998259568,0.965687604164875,0
1981,1,0.999999999999545,0.999999988687733,0.999999999925535,0.99999999999855,0.99963661839874,0
1981,2,0.99999999982586,0.999866592780863,0.99999982886412,0.999999966809953,0.994562813832323,0
1981,3,0.999999960864074,0.999999748770196,0.984362855636252,0.188374507605469,0.408144332872146,0
1981,4,0.999999999996305,0.999999999999545,0.0543767637213491,5.27811457864098e-09,0.000177407363823363,0
1981,5,1,1,0.00170150412885351,2.5057126678946e-07,2.45823878840067e-08,0
1981,6,1,1,0.999851541841425,1.34168324517899e-08,2.48769624796116e-13,0
1981,7,1,1,0.999999999999943,1.48711487555034e-10,3.74191411702103e-19,0
1981,8,1,1,1,2.16558028724143e-10,3.0785862578313e-18,1
1981,9,1,1,0.999999999999773,1.0292003926314e-07,6.19406791965348e-21,1
1981,10,1,1,0.999999999999687,1.35509523939761e-07,4.10280026959551e-25,1
1981,11,1,1,1,1.21822364738347e-06,5.2339013502296e-26,1
1981,12,1,1,1,0.00421442983502326,5.14730404951485e-24,1
1982,1,1,1,1,0.114163649517943,8.26714681967216e-27,1
1982,2,1,1,1,0.999999968445906,1.31217292678263e-21,1
1982,3,1,1,1,1,8.30705128568108e-11,1
1982,4,1,1,1,1,2.73035533633423e-06,1
1982,5,1,1,1,1,0.982979213598907,1
1982,6,0.999999999999602,0.999999999999631,0.99999999999568,1,0.99999999999865,1
1982,7,0.99999999959573,0.999999999296591,0.999999999244011,0.999999999721638,0.999999999997783,1
1982,8,0.999999995953488,0.999999089716356,0.999999956265271,0.999994931259635,0.99999999329367,1
1982,9,0.999999999727947,0.996797474763666,0.999996729025873,0.987020189151146,0.583957888887498,1
1982,10,0.99999999900237,0.355938473180593,0.996671174334225,0.0950502327204313,1.32588872826959e-09,1
1982,11,0.99999998125702,0.00144561383660013,0.118671596356195,3.1262421388702e-06,3.14382974594881e-13,1
1982,12,0.999998133688998,1.38514932589362e-05,7.02051445958586e-06,1.10087824425844e-08,2.76835437895146e-13,0
1983,1,0.930239135029763,7.81436872690084e-07,1.50475616105435e-10,2.63077797305303e-11,1.18747072354401e-18,0
1983,2,0.00122821641828136,4.50511574707963e-07,1.43388923499744e-12,9.21374378756685e-13,2.10260261219499e-24,0
1983,3,7.8787172581433e-10,8.40853861739473e-08,6.63119952007003e-14,6.99121071328698e-16,7.93969489701293e-30,0
1983,4,3.07576250711208e-13,4.37309889808954e-12,2.40526487496816e-16,1.63371361789124e-19,1.08848770010381e-31,0
1983,5,4.64981338191606e-16,1.04232244467576e-14,6.07524437426566e-17,1.17367019759544e-21,2.39592629391205e-29,0
1983,6,5.25287035205836e-19,4.80554544182235e-16,5.47109911765216e-18,2.52934162246004e-25,3.21182458889413e-28,0
1983,7,9.71426054763282e-21,3.45901544288801e-17,1.97728573427619e-20,8.50948831104761e-29,2.60439026915951e-31,0
1983,8,3.18013266518356e-18,6.64654178223337e-19,3.45291270480026e-23,2.47198532227283e-28,1.26170933005541e-32,0
1983,9,1.3135268237753e-19,7.41960407107149e-20,6.03519187742611e-19,6.60935000956084e-26,7.68368822767206e-34,0
1983,10,1.1410334814685e-21,4.82610774890114e-21,2.18252925596801e-16,4.30696428522472e-28,3.33741036534602e-35,0
1983,11,1.93294662752811e-23,1.53359580569282e-19,4.97306540922274e-16,2.98084314591181e-32,4.80706175083945e-36,0
1983,12,8.62856960540736e-26,9.48377347510832e-21,2.34958961240027e-15,1.69559632872595e-28,8.27252191614257e-37,0
1984,1,1.82321411785178e-26,1.078103802147e-21,4.86452582386501e-16,1.02924133029812e-18,1.11057484800036e-36,0
1984,2,1.75736514453576e-26,2.97982823561498e-22,5.82204143064525e-16,2.99627044982334e-17,6.62724358425089e-39,0
1984,3,2.28175790194329e-26,2.43956476701761e-24,2.83413313370004e-17,9.33890352807642e-16,5.40130383147037e-35,0
1984,4,2.16649173084884e-25,1.74460609481302e-22,5.0929299347252e-18,2.14548823410849e-14,6.34086648070641e-28,0
1984,5,1.89931082375671e-24,2.31416250359854e-21,8.28095075211561e-19,7.19722991332254e-13,1.62610710650778e-25,0
1984,6,1.63388108513145e-23,1.01948808167382e-20,1.14343596887443e-20,1.19858463703894e-13,5.11151189760553e-22,0
1984,7,6.97911256540171e-23,1.36058406744976e-20,2.04704368660987e-19,9.81619961370232e-14,3.43265101054006e-17,0
1984,8,1.24634479259225e-19,5.35114298254497e-20,4.22815529013762e-18,1.00514904019984e-13,3.2835792719768e-13,0
1984,9,7.31503885587954e-18,3.28190228592409e-19,9.53432020260866e-17,5.67007728291251e-15,1.03471153834072e-11,0
1984,10,8.8578294409537e-17,4.17616757412009e-17,1.89543039361549e-15,2.04101559404289e-13,8.87107256860536e-10,0
1984,11,8.16662583651759e-16,3.68184385655096e-15,5.51604581352439e-15,7.06920557416941e-13,1.28158823422096e-08,0
1984,12,1.08685744870384e-15,1.23655395914666e-13,5.60150229480304e-14,9.51430867894664e-12,1.27286773169449e-08,0
1985,1,6.46506411202935e-15,9.32486183424344e-13,2.81404023015401e-12,1.74238020896933e-10,2.89091183219155e-07,0
1985,2,6.95316099405438e-14,1.70067614811638e-12,1.18253227065815e-10,7.25982881477017e-11,1.39328269542141e-07,0
1985,3,1.41584167247648e-13,1.78688101742771e-12,1.07944987305976e-09,1.06527754892575e-10,5.44827078558677e-08,0
1985,4,4.40505621861028e-13,3.52004093011561e-13,2.27013132660867e-10,8.78435954508952e-09,4.70195079687907e-08,0
1985,5,9.17558635886784e-14,1.31386315170028e-13,8.4402163234009e-12,2.00104803042791e-08,2.02290478283217e-08,0
1985,6,1.04071519473942e-12,6.27487336769546e-13,1.75551770805879e-11,1.76805849529463e-07,2.69660710547014e-08,0
1985,7,4.82439371590574e-12,3.67725912522091e-12,1.9973722933647e-11,2.12660697587844e-08,3.8978625269456e-06,0
1985,8,1.42785969842872e-12,9.72884342390542e-13,1.30058843128414e-11,4.87777588978113e-10,4.35069780275174e-06,0
1985,9,6.89199145644326e-13,4.65345661769229e-13,9.53561305106961e-12,9.40635613297297e-10,1.33100457086366e-05,0
1985,10,8.81299522177086e-14,1.69036707870821e-12,1.3437581555943e-11,6.22143802670842e-10,8.30029625182496e-07,0
1985,11,7.22380161313923e-14,2.08904047573875e-12,2.64202238538186e-12,9.33889636167785e-11,1.55368841121599e-08,0
1985,12,1.03260147971843e-13,5.23834383572015e-12,2.65156518218214e-12,2.19310948010543e-11,6.17681737123334e-09,0
1986,1,1.01539738142431e-13,1.85002370854305e-12,6.99083605350045e-12,9.66859272360443e-11,5.56271866394168e-09,0
1986,2,2.999132337132e-13,5.11731849934718e-13,9.44152441833737e-12,2.91018170809242e-11,5.34212972944078e-09,0
1986,3,6.19159579927156e-13,8.14435490644388e-13,3.31885270582457e-11,5.35898402002661e-11,4.12923565538941e-09,0
1986,4,3.78568781622274e-12,6.07975911440169e-13,6.73257975855255e-12,1.33973491720781e-10,7.33996832408596e-09,0
1986,5,1.00835146621353e-11,1.5596106923581e-12,3.29446373778695e-12,9.68934608711505e-11,2.56345232359986e-09,0
1986,6,6.10140362078377e-11,4.2945584255723e-12,5.84824571854427e-12,4.38520069573454e-10,3.73329604512415e-09,0
1986,7,1.31585415811693e-10,3.85052632319732e-11,1.28845516967401e-11,1.28876359805671e-10,6.2515142892493e-09,0
1986,8,8.03535068375401e-11,1.87333172331358e-10,2.5737734033578e-11,7.0002346488674e-11,8.94363318449254e-09,0
1986,9,1.07287694075689e-10,8.47512283947217e-10,8.06097165584476e-11,1.66795980597957e-10,2.3998165502448e-08,0
1986,10,9.94000011459568e-11,3.16093466081433e-09,6.81144968669147e-10,4.26111785130009e-10,8.61032378207693e-09,0
1986,11,6.96248229411572e-11,2.76483555893768e-09,3.76720709147607e-09,9.8199958737264e-10,6.66503704906225e-09,0
1986,12,1.19938153057622e-10,3.66479160541952e-09,5.01086556781102e-09,1.65841736528683e-09,9.2897450377125e-09,0
1987,1,2.93397940604262e-11,5.98750314114776e-09,2.46242725988019e-08,3.01725273842923e-08,2.42034526647516e-08,0
1987,2,2.20811660362728e-11,3.84108344006334e-09,4.63203761606497e-08,1.4257410489905e-07,6.43194358253871e-08,0
1987,3,8.87381978242632e-12,7.54157843746892e-09,5.81544199627697e-08,7.55419564627715e-08,1.40316562592155e-07,0
1987,4,3.05115664502058e-13,1.49132145346517e-09,6.00462005314942e-08,2.43734552140827e-07,8.30581067538703e-07,0
1987,5,1.8756396957365e-11,5.97511472089043e-10,3.83848262190534e-08,4.8765822976261e-07,2.59182361675392e-06,0
1987,6,2.79465908427765e-12,1.37523202693003e-10,3.3451847335471e-08,4.11617616370956e-07,8.65068601953841e-07,0
1987,7,7.13499859468201e-14,4.83857037608859e-11,1.20673904975863e-08,2.75644386518047e-07,1.61077571577796e-06,0
1987,8,2.29072532973149e-15,2.60261778803251e-10,3.78409775786192e-09,1.30140931410647e-07,4.25483598433115e-06,0
1987,9,4.08245555285896e-17,1.4509749854673e-11,7.96446314993649e-10,3.31548398447188e-07,4.32472461556042e-06,0
1987,10,9.27871167232901e-16,5.20585537678426e-13,3.11974959720745e-10,1.40855273664798e-07,4.13479575766475e-06,0
1987,11,2.04925082855085e-13,6.72237846520115e-14,7.83421521515505e-10,6.07072525699695e-08,3.00711314694413e-06,0
1987,12,2.41154675891069e-14,9.67927167155736e-15,9.36465546247191e-11,1.37396840184935e-08,5.2488955160161e-06,0
1988,1,2.38661751247801e-14,7.6843396073348e-13,1.29092540498373e-11,1.13025931334296e-08,1.93370958272678e-06,0
1988,2,2.35922185445926e-15,5.97832574308209e-11,3.45382254825575e-12,1.29507392607351e-08,1.14848295008972e-06,0
1988,3,7.31376545133103e-16,4.50379100835957e-12,2.35281559508539e-12,4.36453832847224e-09,5.05216196678223e-07,0
1988,4,2.76961229908825e-16,6.51369189089623e-13,1.57682779221072e-11,7.4900071039331e-10,5.99001360278324e-07,0
1988,5,2.5982305946586e-17,9.18177172282651e-15,3.75425918807953e-11,6.77897155203872e-11,7.69717002496128e-08,0
1988,6,4.86961658943963e-18,9.55417828273922e-16,1.14116825432721e-12,1.29993532164278e-10,3.72971511689318e-08,0
1988,7,9.51770248064763e-19,5.68396784243091e-15,2.72789504438297e-13,2.14742572182605e-11,2.68154949625086e-08,0
1988,8,5.085323204981e-19,2.1597116493692e-15,1.35402392994202e-14,9.56799842022371e-12,1.00238760821087e-08,0
1988,9,2.2575876609733e-18,3.97878215040514e-16,1.73971996739859e-14,1.04752786335382e-11,5.15719866436968e-08,0
1988,10,3.5131722911512e-18,1.56486762609648e-16,1.60503851636682e-13,5.21854137268849e-12,5.07609366700351e-09,0
1988,11,1.77556520539311e-17,6.05323757335241e-16,2.30809593293663e-13,6.17147639733988e-13,5.13780761615499e-10,0
1988,12,8.34538259525154e-17,2.50409389019284e-14,3.25941209302739e-13,2.74210259845042e-13,6.37823292191685e-11,0
1989,1,2.03169998054783e-16,4.05185114691558e-14,1.10938053870137e-13,7.79316940518239e-11,2.97666405164058e-11,0
1989,2,1.95498420347537e-15,1.21622134723658e-13,1.11716530809012e-13,3.32560617648248e-11,1.23004340895399e-11,0
1989,3,4.40268764180465e-14,8.54649204477997e-13,3.99550347455702e-12,1.84571334917515e-11,2.46361862318551e-11,0
1989,4,1.64706128101652e-12,3.7563315986423e-12,3.39706909498267e-11,6.86454894161095e-12,6.12421754943871e-09,0
1989,5,2.0298181143866e-08,1.75187745410874e-11,7.49375808645141e-11,7.4006453874249e-12,1.43581394167222e-09,0
1989,6,5.6617351339366e-07,3.59434092128382e-10,4.06543465146522e-10,1.0405055525127e-09,5.78528336096484e-10,0
1989,7,1.91005032695982e-05,1.57618596898561e-08,2.3723421728574e-09,1.05994322004836e-08,5.36311383290441e-10,0
1989,8,0.000647127635833454,7.11781690625666e-06,1.53182578959884e-08,1.98041796148907e-08,2.29504762028416e-09,0
1989,9,0.00756224857369175,5.19191641953318e-05,2.78925944170381e-07,7.01287937863171e-08,8.42722173849597e-08,0
1989,10,0.0534627259975218,0.000941067021641192,3.65660152432908e-06,4.04713884302682e-07,7.27078665417098e-07,0
1989,11,0.657941614487038,0.0199771340118699,0.000242519528947245,1.34882348174803e-06,1.09873739150429e-06,0
1989,12,0.994106677951446,0.208617411609382,0.00123018045313753,1.54915001454167e-05,2.74553082210803e-06,0
1990,1,0.999845990709161,0.917609509825664,0.0113872880095663,0.000210778744930026,1.09039045516003e-05,0
1990,2,0.99871914076993,0.999489585527032,0.0941245755765525,0.00122032636745809,3.48541407748189e-05,0
1990,3,0.995489294136913,0.999886222617982,0.753254986402364,0.00718365926333814,0.000380313440032407,0
1990,4,0.962362767605632,0.999785659913058,0.984835704698107,0.0410805163146044,0.00329859369350318,0
1990,5,0.727928785538792,0.996627460304394,0.996881351551089,0.0863747969304139,0.00208665328657736,0
1990,6,0.122501109750074,0.986539225204233,0.998050331658786,0.564073289030818,0.00775310643688656,0
1990,7,0.0341312145145891,0.989696647008997,0.998556910699502,0.951166896565983,0.0520504655836423,0
1990,8,0.168308215351013,0.904494893391959,0.986503864878034,0.991254139100898,0.148523281101033,1
1990,9,0.916357926575818,0.391742846607711,0.961571287512896,0.996750365183722,0.785046131898427,1
1990,10,0.999443249902897,0.102542427315105,0.966258030597567,0.997322354562967,0.989281120794621,1
1990,11,0.99999642719081,0.192914458325613,0.782506927364732,0.968037287949607,0.995152334592743,1
1990,12,0.999999355539808,0.57538896961646,0.181175571335037,0.733476033746241,0.982348736531803,1
1991,1,0.999999991289485,0.904468592460159,0.0146665581447149,0.879464315646671,0.962792097927046,1
1991,2,0.99999999993085,0.994309489133936,0.0112397360039357,0.681113526184376,0.907996261356223,1
1991,3,0.999999999923801,0.995005782286146,0.0116611684813694,0.175073873421598,0.713052579526542,1
1991,4,0.999999999234788,0.999421081006245,0.0157039852421982,0.015848595773589,0.901238202675192,0
1991,5,0.999999978384864,0.999401247905863,0.00897833867776906,0.0013690962762352,0.775908432087401,0
1991,6,0.999917946494144,0.996993815741399,0.00199993149704901,0.000488141567711869,0.343053654202808,0
1991,7,0.841769000844344,0.964406742590029,0.00113674924935853,0.0002295578054164,0.0276000372665453,0
1991,8,0.000631703092769421,0.5941474713813,0.000136570591165395,3.53576514848526e-05,0.000559021098813877,0
1991,9,4.66744592982255e-10,0.000331890236447877,4.88930327928308e-06,6.78611571344504e-06,5.27278391234684e-05,0
1991,10,1.94785997638014e-12,2.82708335573244e-08,1.63735439462142e-07,2.71632437334401e-06,2.5985275241608e-05,0
1991,11,9.21725794045621e-13,4.90149921118881e-11,3.52767101789544e-09,2.12499137096943e-08,3.13411663262068e-06,0
1991,12,6.35767652859515e-13,5.02519151560835e-13,6.16856088822212e-11,3.06646552145613e-09,1.01698335864642e-06,0
1992,1,6.82844328019406e-11,4.69688586179419e-14,5.26788717514209e-12,1.70523979353711e-10,4.00477019829154e-07,0
1992,2,3.5842229170441e-12,4.45645050362018e-14,2.02926714915295e-13,9.41828980750706e-12,5.86202985117017e-09,0
1992,3,4.11838631449542e-13,7.10274842070821e-14,5.95860001191528e-14,2.57690087807868e-12,9.91937178702105e-10,0
1992,4,3.38867491781561e-14,6.77821634539835e-13,2.84205680539777e-14,3.05690803373013e-12,1.24264266734816e-10,0
1992,5,1.11600288232405e-12,2.18129030375279e-13,6.10686603897701e-14,6.12910693272735e-13,9.80309211965765e-12,0
1992,6,2.20006053783307e-12,4.52764750031664e-13,2.24375670824055e-13,4.76320350177749e-13,3.77844659702969e-12,0
1992,7,4.09814595944132e-13,1.32074965613212e-12,3.19676133445405e-12,7.4355088108705e-13,7.28875833777335e-12,0
1992,8,1.90482050695651e-13,2.65760201095483e-12,8.89255509664153e-13,5.2942675228386e-13,3.06701731905792e-12,0
1992,9,3.09070387119691e-13,1.74851045393369e-12,1.38704926274957e-12,2.19406370749526e-12,4.10563417465161e-12,0
1992,10,1.58467907023507e-13,1.86521387963365e-13,9.10801502407093e-13,1.96480006937406e-12,3.74470756150472e-12,0
1992,11,1.89520433336485e-14,1.74664294634636e-13,8.69961986060978e-13,8.45920153312672e-13,1.4734401626967e-12,0
1992,12,1.22563687021578e-14,1.20341580967105e-13,3.82942182887852e-13,5.64922836596105e-13,3.26505411064074e-12,0
1993,1,1.52059147805777e-15,4.51156629861029e-13,9.98915840887369e-14,2.89552407002401e-12,2.29833248056567e-12,0
1993,2,3.8722963470653e-17,1.37351790902217e-13,1.07834602820067e-13,7.60664405937096e-13,6.03691305545747e-12,0
1993,3,7.0875319271838e-17,3.02249629734596e-13,5.23526479623265e-13,1.12774804012135e-12,2.12420597464875e-11,0
1993,4,1.22339593787799e-15,9.43553918059983e-15,3.3359748390861e-13,3.30967709026204e-13,1.53682634927494e-10,0
1993,5,2.5372749709208e-16,2.58912479247281e-16,2.94041813968928e-14,4.92527856794178e-14,4.8193722999011e-12,0
1993,6,2.95770806147722e-15,4.44941056368181e-16,4.24485177483556e-14,1.18244415286627e-13,2.52496077453328e-12,0
1993,7,4.72482255696334e-15,7.06319014606001e-14,2.21087797676257e-14,1.52759348089679e-13,9.77095157801135e-13,0
1993,8,8.68157934588089e-15,2.05194472557973e-14,5.52834551149442e-15,7.50448095485584e-14,4.40852949024107e-13,0
1993,9,3.3719185012271e-15,3.36215713176821e-14,1.20939893301618e-14,1.93262465533841e-13,8.21621642265847e-13,0
1993,10,4.04362994112048e-15,1.12600972260827e-13,3.5920103917973e-13,1.42057698924497e-13,1.23767607419892e-12,0
1993,11,3.11075087586824e-15,5.62117650925286e-13,2.88869205539718e-13,2.29146978721675e-14,3.01707506987881e-13,0
1993,12,3.99291094381446e-16,6.78410356315335e-13,8.49426960712749e-13,1.77430183617714e-14,1.73482549581271e-13,0
1994,1,4.68551628003864e-16,9.838215515894e-13,2.48969445085512e-12,3.174592299553e-12,1.43362980533872e-13,0
1994,2,1.32546859751363e-16,1.35842433222729e-12,9.53362347450512e-12,2.5991792631722e-12,1.78002332340996e-13,0
1994,3,5.04804806188703e-18,3.55725375305113e-13,2.44160320812954e-11,5.07831576608174e-12,3.56029636865327e-13,0
1994,4,3.96662018613595e-18,6.45823206755304e-14,9.36670825247965e-12,1.27180440386504e-11,2.69297934989861e-11,0
1994,5,1.72480416677251e-19,2.26728063792806e-14,7.7802701225054e-12,3.64860001576296e-11,2.15872482210269e-11,0
1994,6,2.68994506927067e-20,5.39236527394254e-15,3.88961491220663e-12,1.45856153537664e-10,3.55990566152001e-11,0
1994,7,1.00339370760888e-20,1.35064042372008e-14,1.77298666587252e-12,6.31001861745614e-11,1.06886194884592e-10,0
1994,8,4.80922042912349e-21,9.41352910756049e-16,1.67980076131314e-12,9.61023756531328e-11,3.87613373256516e-10,0
1994,9,5.37305257853909e-22,1.27649715841807e-16,9.07588752344614e-13,1.04146203322544e-10,2.83820062222021e-09,0
1994,10,1.93452339040043e-22,1.07559277710959e-16,1.61123469714267e-12,4.82050821606496e-11,1.6562375475378e-09,0
1994,11,6.79958628434145e-23,1.07325665059662e-16,2.16931300264535e-13,3.63386377591222e-11,1.32242636496594e-09,0
1994,12,6.32301879634774e-23,2.57700370050876e-17,6.95926850509185e-14,2.25915499915616e-11,1.24016293192786e-09,0
1995,1,1.5085326232547e-22,1.50385441977932e-17,4.93295735127239e-14,5.28409415876523e-11,6.84903459899991e-10,0
1995,2,7.37580820992113e-22,5.41794171484562e-18,2.91421768290106e-14,7.07150716220138e-12,9.35555804897087e-10,0
1995,3,1.42367132206743e-20,1.11645189962487e-17,2.03706029559182e-14,4.6496213381456e-12,1.30015876548692e-09,0
1995,4,2.28553199537351e-18,4.781881591735e-18,5.37514456988782e-15,8.51603776309751e-12,2.27876494445897e-09,0
1995,5,7.71852571306145e-17,7.37058182596814e-18,1.63774651709527e-15,4.0873753592465e-12,3.59088597401218e-10,0
1995,6,1.40973563334038e-14,1.48416440965766e-16,7.07015872833578e-15,5.14311994316722e-12,4.04892043090818e-10,0
1995,7,5.44837688535957e-13,2.72368804753964e-14,1.53055360480148e-14,1.93642857034552e-12,8.31778434817898e-10,0
1995,8,1.06447201556682e-11,5.00905666887272e-13,5.18415981864415e-14,1.09220204061682e-12,7.34547558919932e-10,0
1995,9,1.62773113100953e-10,1.60837034500188e-11,8.84454230624879e-13,4.25845792546313e-12,1.09914844565453e-09,0
1995,10,1.56028811989396e-08,2.78278125827061e-10,2.21986362546774e-11,6.88408277934369e-12,3.33547687066259e-10,0
1995,11,8.01883632860105e-07,2.74529975787198e-09,1.35145465342068e-10,8.00114502274959e-12,8.08059028457629e-11,0
1995,12,2.05963849318323e-05,2.55974398211842e-08,2.51341987857167e-09,7.9554734917492e-11,1.5812073987558e-10,0
1996,1,0.00219796313890837,4.05354879409682e-07,1.62297609758786e-08,1.49314385873804e-09,3.47590945054438e-10,0
1996,2,0.00346532681823358,4.97764875809805e-06,7.85284828529709e-08,7.18829290703401e-09,1.02689564760328e-09,0
1996,3,0.0117220028214653,3.75500251391787e-05,3.91565933987942e-07,7.86239988793364e-08,1.51424576788124e-08,0
1996,4,0.00346587948425276,0.000538667685534197,1.65819512021112e-06,2.44030163855966e-07,1.09423801202824e-07,0
1996,5,2.72262131336954e-05,0.000272841392558873,9.78811838573315e-06,8.61884163753432e-07,2.85918516946647e-07,0
1996,6,1.25627723608296e-06,0.000516597607887224,4.34751027923856e-05,2.68352312082501e-06,1.90435074762923e-06,0
1996,7,3.62675103782235e-07,0.00045231868985489,0.000348697952196041,1.08289355263765e-05,5.87687321359278e-06,0
1996,8,6.78010780073713e-09,5.35537524907287e-06,0.000146510749336436,5.55594164275969e-05,2.02676141263031e-05,0
1996,9,4.89688120535976e-10,7.82469534154649e-08,0.000198229290387542,0.00019356245313344,8.05997058346643e-05,0
1996,10,5.59620596933501e-11,8.14675274634049e-08,6.37206192480658e-05,0.000496525873528927,0.000190632091252493,0
1996,11,4.89569320268456e-12,1.09124710301146e-08,6.17802871928261e-07,5.26259756675658e-05,0.000569816220728341,0
1996,12,2.34591025487228e-14,1.28518909279614e-09,5.45049123355256e-08,0.00014133440988268,0.00148458632256719,0
1997,1,5.80721009424383e-15,5.37589311100765e-11,8.15283558459496e-09,6.10919917081918e-05,0.0023226731965103,0
1997,2,5.19850391531317e-16,5.85029291067841e-12,1.18217753042182e-09,1.3966979639486e-07,0.000343475173814099,0
1997,3,1.12990453673322e-15,3.55636253210311e-12,4.31849967518073e-09,2.14830639611959e-07,0.0010329121225645,0
1997,4,3.65705498430626e-14,3.94326805803501e-14,1.40089333992035e-11,5.67853892482257e-08,0.000631010373691535,0
1997,5,2.88937734437216e-13,2.18689011328301e-15,1.34062885929917e-12,5.22861279444244e-09,6.1720937830228e-07,0
1997,6,2.28723031305049e-13,2.53729885773069e-14,2.89440546274563e-12,4.62203405271123e-08,1.43983283764588e-06,0
1997,7,1.38146330889105e-14,3.69564097654676e-11,1.21179021332755e-12,1.19291867636765e-10,2.87722856505155e-07,0
1997,8,2.19673868242415e-15,4.62268514372724e-11,1.21118049844759e-12,2.50990370713684e-11,7.43373731016461e-08,0
1997,9,2.11074430934717e-15,2.50936144740696e-11,1.68734336695304e-11,1.88739619389087e-10,3.09539420905836e-07,0
1997,10,9.12771552643338e-16,4.19406842430603e-12,1.44946715173252e-09,1.80208939842602e-10,2.29876701366114e-09,0
1997,11,4.79898498640079e-16,7.7072822249637e-12,1.61779529394815e-09,2.30408823148959e-11,1.00592017591563e-10,0
1997,12,1.10851310060163e-15,1.31542441617011e-11,1.19066753906667e-09,9.48091055299781e-11,3.27550483607459e-10,0
1998,1,2.75870283191541e-15,5.53609504966834e-12,2.57667851414911e-10,5.23529356998596e-08,4.23265842839282e-10,0
1998,2,7.12749565438167e-15,1.57170593915326e-12,2.01316893554143e-10,1.23359157009263e-08,7.53064161044398e-10,0
1998,3,2.86081999882352e-13,4.22874597175648e-12,4.6098809541798e-10,1.48801105815427e-08,1.10314738630883e-08,0
1998,4,6.54355613399044e-12,1.73108543020554e-11,4.34400466595483e-10,3.2394085516204e-09,1.36057656749213e-06,0
1998,5,1.25163301086243e-11,9.86112251299332e-11,8.48946403335174e-10,1.55148313538459e-08,3.1647067015294e-07,0
1998,6,5.22736644819956e-10,1.36529848165841e-09,2.2838194459906e-09,6.15584568869569e-08,5.93878822703027e-07,0
1998,7,1.09308026068182e-08,3.10431207552721e-08,2.06417544279532e-08,1.3615105273186e-07,4.20763282703248e-07,0
1998,8,4.30681150048638e-07,9.89263969161124e-08,1.10480726616185e-07,3.08694507194395e-07,2.35413362959837e-06,0
1998,9,2.10781612371732e-05,6.07835303310619e-07,6.74249085020113e-07,6.27843549366502e-07,6.04321542998125e-06,0
1998,10,3.08074280254094e-05,2.30108439094428e-06,2.87238991752871e-06,2.46026135870991e-06,8.51744001222082e-06,0
1998,11,0.00180555554365396,5.60268552170318e-05,2.68265230946597e-06,4.88144580637219e-06,1.77982178845991e-05,0
1998,12,0.00542228875088503,0.00166342190094433,7.8580723049484e-06,2.08060783597018e-05,2.77880201066175e-05,0
1999,1,0.00280798613403016,0.00417186189592988,1.84212350840653e-05,6.35532323964919e-05,9.00131506202622e-05,0
1999,2,0.00018937588246974,0.0198353506431237,0.000466440333276246,3.81127696548258e-05,0.000247783255965557,0
1999,3,4.02664673835514e-05,0.0176740873340963,0.0102882631706081,0.000115289705811268,0.000721474094477064,0
1999,4,5.33246204982829e-06,0.00146053283775233,0.00606995990421407,0.000268033446400741,0.00193878088251629,0
1999,5,1.77055600662269e-07,0.000345118533836394,0.00452077561962204,0.000792663556070883,0.000692053671520197,0
1999,6,1.85416343481339e-09,9.56765527369665e-05,0.00176358753559288,0.0116727947862572,0.00112696551047328,0
1999,7,4.54611553526995e-11,2.84700400648468e-05,0.00033084988961369,0.0113299865810121,0.00181894410814303,0
1999,8,1.64569069714726e-12,6.3043785222443e-07,7.49123566868027e-05,0.00139244872573843,0.00667536081528309,0
1999,9,4.66418712916588e-13,8.38846681368832e-08,6.97960374403465e-05,0.00105143474041449,0.0516249378803048,0
1999,10,2.30027600609017e-13,5.74988264360365e-09,1.92397260790651e-05,0.000224380376538093,0.0868250231626438,0
1999,11,2.2765343745593e-13,1.90959670470179e-09,2.73364483543616e-06,0.000189414049876485,0.0107380241174102,0
1999,12,5.41545754532961e-14,1.16981111219007e-09,4.9945726325761e-07,0.000112707583657519,0.00190713222447801,0
2000,1,6.78910672513055e-15,2.04168333349511e-09,3.1895722499708e-07,0.000248184937525554,0.00125321528595122,0
2000,2,1.15136781197699e-14,1.10312056725456e-09,4.19829766144389e-07,4.82044321866446e-05,0.0020248474808629,0
2000,3,4.99819529674636e-15,2.10017265274285e-10,2.27416248993759e-07,9.62790712305649e-06,0.000901305198752688,0
2000,4,3.36208454789997e-15,6.19986473745104e-11,2.58116534055324e-07,5.74692963934124e-06,0.000768308989192624,0
2000,5,7.27893504721132e-15,2.27014884155799e-10,1.12582609306431e-07,1.19638360144316e-05,0.000383457075267812,0
2000,6,6.19351454117877e-13,7.29591629564086e-11,2.1617712379766e-08,7.82042011333287e-06,0.000118524932653893,0
2000,7,9.77476776808996e-12,5.59943777472712e-11,8.97163997662468e-09,1.01879062818952e-05,9.72465339286525e-05,0
2000,8,4.47092393221267e-10,1.23958765648193e-10,1.90551906638962e-08,2.13493781612368e-06,0.000313598386101303,0
2000,9,4.5372748442532e-09,3.23128482890943e-09,8.61992660974327e-09,6.57186989073064e-07,0.000199528397712864,0
2000,10,2.7760112834857e-06,3.8797422604789e-08,1.00249088873018e-08,3.24781208058574e-07,0.000183518141959407,0
2000,11,0.000237227898407117,1.38132765216459e-06,3.3342957735328e-08,8.26403966696234e-07,5.3386128872313e-05,0
2000,12,0.203814995578566,1.14582315661998e-05,2.89714229904733e-07,3.71877101478309e-07,1.87332051920113e-05,0
2001,1,0.999427454980219,0.0033837873204819,4.9656806876786e-06,1.22866254426052e-06,1.83565162351134e-05,0
2001,2,0.999999984140359,0.0892794957202811,6.38160049367573e-05,1.99228439790286e-06,2.83205504441361e-05,0
2001,3,0.999999999990735,0.990644168113188,0.000504667185386031,8.81329218999453e-06,1.04661769097408e-05,0
2001,4,0.999999999999744,0.999995748376662,0.0294295023265163,8.88695128562484e-05,2.32406531797095e-05,1
2001,5,0.99999999999892,0.999999854010081,0.432483206546751,0.000794564034442935,4.66509423310938e-05,1
2001,6,0.999999999998352,0.999999999326675,0.998512665806498,0.00463571195508765,8.62820112354632e-05,1
2001,7,0.99999999996588,0.999999999689919,0.999979348371553,0.0447320142514899,0.000471410201596532,1
2001,8,0.999999996249883,0.999999994972526,0.999996906840986,0.424988210197854,0.00299070912999161,1
2001,9,0.999999999585796,0.999999986117345,0.999999933116458,0.994291436414406,0.0181976102798807,1
2001,10,0.999999999952195,0.9999997479532,0.9999998430318,0.999926502018534,0.125867274497314,1
2001,11,0.999999999221629,0.999987130679504,0.999992642795057,0.999952559387664,0.641568640240461,1
2001,12,0.999999742468196,0.999993129086278,0.999868582091605,0.999969202451804,0.993016167248571,0
2002,1,0.999885219407218,0.999983935291415,0.99861297582061,0.999941616387669,0.99972818259863,0
2002,2,0.511246399881753,0.998769454419181,0.969742228037131,0.995285086980876,0.999753430421725,0
2002,3,0.000464232646378004,0.898594930438845,0.994311941304861,0.984934588293759,0.999788966426642,0
2002,4,1.81574387709711e-07,0.00738261629232817,0.862504023221497,0.902589946081521,0.999386842867267,0
2002,5,3.96470733808575e-08,1.78854378980303e-07,0.0345107979959868,0.585302077532365,0.992054745215227,0
2002,6,3.34824767454617e-10,7.6091496319471e-10,8.57552946337728e-07,0.041312016994359,0.968525225097768,0
2002,7,4.50808757179075e-09,2.16303767590258e-10,5.18177224987355e-09,8.76951736455448e-05,0.831058923354378,0
2002,8,5.03423559655937e-10,6.54916274053749e-11,3.48659887287886e-10,2.10475617376664e-07,0.358043387938746,0
2002,9,5.03166670673042e-10,1.6797018087466e-12,3.18339968992362e-12,8.3169863349113e-10,0.00381804336805221,0
2002,10,1.37950073181059e-09,8.39380433993347e-12,2.3285898693599e-13,8.81088949561384e-12,3.6809977278694e-07,0
2002,11,3.98896688876171e-09,3.70431538763276e-12,7.30616067215948e-14,4.31781015397956e-12,2.58495430275485e-09,0
2002,12,3.06822126224585e-09,2.61816397123318e-11,1.5047151521056e-14,1.52728066206829e-13,4.41828221811401e-11,0
2003,1,1.07290823774079e-09,4.71492959502615e-10,3.45307810234356e-13,2.62015030180168e-14,2.27410995832449e-12,0
2003,2,1.77351635960744e-08,1.9140918062395e-10,6.25202893197422e-13,1.28922545522479e-14,1.05299923136802e-11,0
2003,3,1.93834887098338e-07,1.89858483297379e-10,6.04511248614946e-12,3.1667739260668e-15,9.2329846856103e-13,0
2003,4,3.60870916269587e-07,6.51090384077755e-12,3.46579355184247e-12,1.83946828335058e-15,3.02248975694173e-14,0
2003,5,1.68518782888958e-06,1.0906641298639e-10,2.05563714113721e-12,9.1017692362778e-15,6.24587883382118e-16,0
2003,6,5.38757427398576e-07,1.65569178711759e-10,1.541500647673e-12,6.87931837978338e-14,2.14719321069286e-16,0
2003,7,5.84682397948411e-08,7.51336543568914e-10,9.56581930256767e-13,2.21677993864517e-13,9.67602992831222e-17,0
2003,8,2.66503484910527e-10,9.63504195113733e-10,1.33460786916578e-11,2.19914841363842e-13,2.48614872354554e-15,0
2003,9,3.50534309235028e-12,6.7343073897964e-10,2.06994477407496e-11,1.07720760879305e-12,9.06812091606248e-14,0
2003,10,6.6446548598612e-14,2.10149068079964e-10,1.68255513350877e-11,4.0590951476931e-13,1.93060939112507e-13,0
2003,11,2.04957437503487e-16,4.24859299449256e-12,3.3210997101523e-12,1.38373966134678e-13,4.74530220858028e-14,0
2003,12,1.04520030670235e-18,2.21239691210744e-13,6.15108544574865e-12,1.90783221915215e-13,9.8041437612011e-14,0
2004,1,3.76633702877356e-21,3.66030158488228e-15,7.64429777372897e-13,5.04115819158355e-13,6.57039383310282e-14,0
2004,2,1.47511795338012e-22,6.36463445415574e-17,4.53815892212408e-14,1.03462980716469e-13,2.37622242849609e-14,0
2004,3,3.24176308295525e-24,1.00075697437461e-18,6.08241074985922e-15,2.55050949261105e-13,4.43207204750599e-14,0
2004,4,2.87434529244762e-25,8.35384682398119e-20,8.19158404374724e-16,1.28137615327512e-13,7.74821138415905e-13,0
2004,5,8.71183701843331e-26,2.05852011707309e-20,9.89079967775805e-17,3.43660423974285e-14,3.13495487807445e-13,0
2004,6,6.29031251788927e-26,3.5987163372032e-21,9.74123450938288e-18,1.1719612657774e-14,1.32980094400731e-12,0
2004,7,1.85034433883364e-25,1.55291013156555e-21,4.71297180221657e-18,5.03227729553571e-15,6.6161972378058e-13,0
2004,8,7.69080446317637e-25,1.4919080048533e-21,2.72082986176202e-18,1.69796948622323e-15,2.12357783471171e-13,0
2004,9,7.07866693887122e-24,2.67441784688881e-21,2.46061853763299e-18,2.7990607678057e-16,6.75227215042613e-14,0
2004,10,8.37241624559091e-24,1.18605576165171e-20,2.70529390489429e-18,5.96924319712436e-16,3.06724898806668e-14,0
2004,11,5.24998530937371e-22,1.03892497139237e-19,7.64752213181674e-18,8.6586098314716e-16,4.54501996598807e-14,0
2004,12,5.60527473927095e-21,3.92565871037157e-19,1.71112998436813e-17,8.91933427896304e-16,1.02304936035614e-14,0
2005,1,7.7493557368322e-21,9.70308733374245e-19,1.35745007800576e-16,3.63861834774006e-15,3.63924317614264e-14,0
2005,2,1.85527587588005e-20,9.36358024322616e-18,1.25752488176683e-15,1.33345244006764e-14,7.58682434708996e-14,0
2005,3,2.1300302048858e-19,4.04978063493837e-17,4.71800000296115e-15,4.93948109386809e-14,2.18963574537889e-13,0
2005,4,2.23122138646502e-18,1.35761023735259e-16,1.03752356696369e-14,4.87922141883138e-13,1.69985930988374e-12,0
2005,5,8.58189838593434e-17,3.29083801488993e-16,3.32777044775242e-14,2.52722062592423e-12,6.31468856544607e-12,0
2005,6,3.39017202664509e-16,1.51910870635537e-15,6.55335535091973e-14,4.246449760672e-12,2.07554933874724e-11,0
2005,7,4.83401739173256e-16,1.25040415842124e-14,1.75706366850949e-13,6.0269576611688e-12,1.11462031502023e-10,0
2005,8,1.61541208076773e-15,1.13237327109361e-13,3.28456218632596e-13,9.65594187056799e-12,3.65277996828125e-10,0
2005,9,1.77169268423817e-15,4.46524004628813e-13,7.98361433215493e-13,1.49349777628559e-11,3.53909671327884e-10,0
2005,10,6.54906918314716e-15,1.00505471165687e-12,4.46852184789837e-12,5.17484448155218e-11,6.4228791050602e-10,0
2005,11,5.3305778223489e-15,7.11333381878045e-12,3.31020428793342e-11,8.43690574199767e-11,7.44924434746283e-10,0
2005,12,6.89485889754522e-15,1.37294586734494e-11,1.28419816022366e-10,1.50875414671438e-10,8.32426119590374e-10,0
2006,1,1.73562667903041e-14,8.63085861207461e-11,3.33233385748279e-10,4.65086117917964e-10,2.86684968937967e-09,0
2006,2,3.29072786193353e-14,7.216161834597e-11,1.94922209876288e-09,1.80518483402407e-09,4.3850057868209e-09,0
2006,3,1.12351727510007e-13,8.55989730238679e-11,3.09711141466513e-09,8.24652760162577e-09,5.56565412366603e-09,0
2006,4,4.7282523214656e-13,2.18752506428499e-10,1.46791350160146e-08,1.94239180445024e-08,1.52748403827386e-08,0
2006,5,4.91488895447083e-12,8.99793475221793e-10,1.40765251660802e-08,8.6904012446681e-08,4.08153743326405e-08,0
2006,6,9.83375244338115e-11,3.13149191662709e-09,1.99717531313123e-08,1.91919380789209e-07,2.13473871697418e-07,0
2006,7,2.51928505227723e-10,1.47820044430549e-08,5.88580845577181e-08,9.24443522424081e-07,5.98647965906641e-07,0
2006,8,1.24499812693553e-09,1.22859997015439e-07,2.9753753540341e-07,8.69831253694541e-07,2.86207574611375e-06,0
2006,9,5.55850538865924e-09,2.29143924153693e-06,1.5384253149937e-06,1.62351478296859e-06,6.29750792369048e-06,0
2006,10,5.76882437423228e-08,5.85445108882783e-06,5.61076799012252e-06,3.70778785246264e-06,1.73364264093092e-05,0
2006,11,1.07907162099893e-06,2.43284928669408e-05,4.03272210240549e-05,2.2379879095391e-05,1.75895614241241e-05,0
2006,12,4.3958788691553e-06,0.00010946349613818,0.000467022033041868,0.000128925017083105,4.94694137890001e-05,0
2007,1,4.33474589442476e-06,0.000480342391350582,0.00144235360969466,0.000558596282672828,0.000138269355248203,0
2007,2,2.08401749550075e-05,0.00359112235512043,0.00399370194737752,0.0023891837785663,0.000768897033367298,0
2007,3,3.80809190841775e-05,0.0112325102357555,0.0149368165230215,0.0121660389840894,0.00340027815973122,0
2007,4,2.7954408238705e-05,0.00540261032584825,0.046303272166494,0.0326701435143061,0.0112942415592994,0
2007,5,7.73853897316037e-06,0.00318212514989468,0.244521696489011,0.115806392063405,0.0347568850128563,0
2007,6,1.45838249187352e-06,0.016162744714962,0.768872002190726,0.577636476775411,0.140447095642055,0
2007,7,1.12742316469521e-06,0.0405198839981723,0.846483912236076,0.924661576487787,0.485104687195739,0
2007,8,4.5749039065665e-06,0.0192438387184847,0.851234019152753,0.993207075510433,0.91560937260874,0
2007,9,3.53913789274297e-06,0.00342822144337683,0.928874781997824,0.997994497083081,0.996399236560095,0
2007,10,1.09744479876287e-05,0.00195336921916963,0.958398712158826,0.943568688964875,0.998291194260225,0
2007,11,5.49228052419038e-05,0.0171363541468367,0.987725423964358,0.971590489372848,0.999176290523095,0
2007,12,0.00341693385984424,0.00137160974403522,0.816937327430592,0.996162463786914,0.999507679248543,0
2008,1,0.304717295306238,0.000482383532681316,0.426526670192759,0.995612131333106,0.981717308865953,1
2008,2,0.990664361940682,0.00940168709419355,0.747898385278173,0.999293190574466,0.994118772085825,1
2008,3,0.999968874055443,0.554591696219166,0.816449461727151,0.987550148787511,0.998458853285135,1
2008,4,0.999981525211712,0.999261783018537,0.922976700032211,0.989678725710542,0.999302553070907,1
2008,5,0.999968405431238,0.999949908085079,0.994692141636221,0.998515521623535,0.999889882354898,1
2008,6,0.999933380292741,0.999979411863959,0.999573464929495,0.996764934115255,0.99890419896442,1
2008,7,0.999510435974258,0.999941021218398,0.999943346197325,0.987279804107186,0.995692662414622,1
2008,8,0.997515756818687,0.998351393802152,0.999721151216667,0.988838385717337,0.994643326340586,1
2008,9,0.999629389223294,0.995647561473408,0.99956418562135,0.99938504071559,0.987287209331068,1
2008,10,1,0.971283526372228,0.991304599064016,0.999233338882485,0.986440879959761,1
2008,11,1,0.703958261300346,0.868499890748192,0.996940762249387,0.995089443666902,1
2008,12,1,0.217030980128588,0.190077475768272,0.986894537963738,0.999447297068381,1
2009,1,1,0.999990669746992,0.0017092857114106,0.691446843054643,0.997467231970926,1
2009,2,1,0.999999996133397,3.28244893903418e-06,0.0117857714981871,0.975980509415487,1
2009,3,1,0.999999999251401,9.09155239235023e-07,8.20619030769906e-06,0.835679953872726,1
2009,4,1,0.999999999909278,0.0816326975121973,1.12331356053783e-06,0.135904996951353,1
2009,5,1,0.999999994664307,0.0207249470081537,4.15126397153952e-08,0.000426436860962954,1
2009,6,1,0.999999864149638,0.000448822669736153,1.51752014475843e-08,2.97978314656307e-06,1
2009,7,0.999976378896543,0.994463201023653,1.04839267518769e-08,2.92384071907487e-10,4.23190336051715e-07,0
2009,8,0.0627937332027537,0.130495700768206,1.04043491737353e-09,4.22210695386806e-13,6.25522545883347e-09,0
2009,9,1.23841707339706e-06,1.3506373901458e-07,1.13267095249033e-11,2.22287762371664e-14,7.03743116931794e-10,0
2009,10,1.23744319015949e-11,3.48091664814216e-14,3.88261070599395e-15,4.70166045686427e-17,1.22419723496986e-12,0
2009,11,1.00703597937676e-16,1.83631504504414e-18,2.34724168985748e-18,2.3409173578736e-18,7.89171260193139e-17,0
2009,12,5.17969925881024e-19,4.18754154111611e-19,9.09666723277849e-22,2.6077138072578e-19,3.00794499698144e-17,0
2010,1,9.84070996709658e-16,2.50039102571585e-21,4.97294780486543e-26,9.19061624979077e-24,4.83291542335121e-20,0
2010,2,2.09061137223958e-16,3.70826773834394e-23,1.30458352799733e-27,2.40954033833537e-25,8.502959474279e-22,0
2010,3,2.30917205050724e-17,7.59159589883472e-24,1.45311270341041e-24,8.76412513612824e-26,1.54349140867342e-21,0
2010,4,4.06755275545101e-20,1.66601316078881e-21,3.49918010427731e-23,2.68981025615457e-27,8.89931977996569e-25,0
2010,5,4.70617192073769e-22,5.19303562485518e-22,1.07473253053982e-23,5.31966848901311e-29,1.23745727732605e-26,0
2010,6,1.81216413906481e-21,9.71190891610522e-21,2.36590643278806e-22,2.8633794140345e-26,2.32431476294599e-28,0
2010,7,1.81778151688989e-19,1.70757279299456e-21,4.50996518913915e-22,2.86359915304621e-25,2.93239499263576e-29,0
2010,8,1.11903940341438e-20,1.10905598390738e-22,1.31317457683375e-22,4.97370412883295e-26,4.14485576165029e-32,0
2010,9,1.14624774745932e-19,1.89987133468497e-21,1.27565183368505e-22,1.44871400757815e-24,3.1853450282537e-30,0
2010,10,2.23158083379575e-20,8.67806729795548e-20,1.40272296547058e-23,2.05501059379628e-26,8.13268678041242e-29,0
2010,11,1.08588317063609e-19,3.10958277835554e-19,1.18605291726474e-21,9.3247018533595e-24,2.35194395055784e-28,0
2010,12,4.6029387742595e-18,2.12259175212291e-21,8.75441813994147e-24,2.47728354071402e-22,4.20378109883326e-26,0
2011,1,8.63356789804128e-17,4.9921429000147e-20,1.56790118255271e-20,2.37110856576934e-21,2.03500130433627e-26,0
2011,2,8.76661495963705e-18,5.43261017650835e-19,5.87708016681668e-20,2.29797072547421e-19,1.58951784722502e-23,0
2011,3,4.95094157491007e-18,1.54328357510134e-16,1.62796216167419e-19,1.56875450657038e-20,8.71843957181711e-22,0
2011,4,3.41560718860302e-18,3.11376439266603e-15,2.94906010197949e-19,2.99915128681483e-19,6.24069180740498e-21,0
2011,5,1.7395722195596e-17,1.46589014471403e-15,1.73898590672901e-17,2.22395257446755e-17,1.56995301633697e-17,0
2011,6,1.3173748192869e-16,1.10264525134324e-15,4.68990190410963e-15,3.34773984839798e-17,9.20890434592904e-19,0
2011,7,9.8954988677948e-17,5.18751885108296e-16,3.98658006399339e-14,2.67795610351799e-19,1.06843523425856e-19,0
2011,8,2.76680835247589e-13,1.1074459029029e-15,9.73681292222594e-15,1.81977595962323e-19,9.27880997370605e-20,0
2011,9,7.31814860691294e-13,5.36973202457878e-15,3.03228014400708e-15,2.26270246154249e-14,5.07320492431877e-20,0
2011,10,7.3431626329546e-13,3.91707022488239e-15,2.08554890138012e-15,4.10285682062329e-14,1.81862682371952e-20,0
2011,11,1.04009948914945e-12,6.61964058689682e-12,1.57851761100935e-14,1.3283124675748e-14,9.76853716587557e-20,0
2011,12,1.96254218805943e-12,8.31773298076237e-12,9.46780587795779e-14,8.36715647462188e-15,4.80243690106559e-14,0
2012,1,3.47058493143609e-12,2.07229996112654e-11,1.57411378227409e-13,1.18944419679544e-14,5.92286380236152e-14,0
2012,2,1.900801763663e-12,7.7926833629057e-11,1.3373466131554e-10,1.35125210555225e-13,3.56064374441243e-14,0
2012,3,1.24324661202417e-12,1.31608869193514e-10,1.39967026924208e-10,1.08035934276938e-12,3.64266150291446e-14,0
2012,4,1.99461371970018e-13,9.67478080904419e-11,2.41940182587662e-10,1.02114954945108e-12,6.83968583436393e-14,0
2012,5,2.04147523987933e-14,1.21951616223107e-12,2.269650770465e-11,1.37368637836785e-11,7.16170638372506e-13,0
2012,6,1.98402933619728e-13,1.16016495364162e-12,5.32905696529706e-11,1.19301030402479e-11,3.24621171715552e-12,0
2012,7,8.18845015286878e-13,6.37636349390986e-13,2.29798548988298e-11,5.82408810238478e-12,8.7271644266775e-13,0
2012,8,6.02192435852291e-12,1.83110561430017e-12,5.13248496457217e-12,5.38322429556525e-12,1.73259480022651e-12,0
2012,9,1.08774152841793e-11,8.83342169371163e-12,3.90930509826453e-12,6.16529445641219e-11,8.03662749981526e-13,0
2012,10,1.08265686527149e-11,8.176507535066e-11,2.901937804179e-12,2.04191425336788e-11,1.62000665570702e-12,0
2012,11,6.97013738395015e-11,3.28761605052962e-10,2.21415336176614e-11,7.36175692094699e-12,3.68359474266686e-12,0
2012,12,5.86794253053726e-10,5.37727893275116e-10,6.14129888135135e-11,4.70809291657554e-12,4.73138117212931e-11,0
2013,1,4.32034611648786e-10,2.7311595297247e-09,5.9155913689467e-09,3.144288187192e-11,5.17708519576602e-11,0
2013,2,7.64149264489321e-11,2.21763071550397e-08,2.27766427823967e-08,1.33145789181593e-10,1.57262478241364e-11,0
2013,3,4.37860646449843e-11,7.45239518171115e-08,4.80865118922595e-08,6.56649057695742e-10,1.67938342324862e-11,0
2013,4,1.52829786497384e-11,2.14815043424988e-08,9.93765072895078e-08,9.78425357372363e-08,5.7726671112168e-11,0
2013,5,1.49189855607232e-11,2.76734538246956e-09,3.46242494744151e-07,1.73544014529043e-07,1.07968611725701e-09,0
2013,6,4.84058029752626e-12,9.90351541007805e-10,3.93745190272321e-07,1.98845046475145e-07,2.46032231099576e-09,0
2013,7,4.24620520606477e-13,5.25603679395876e-10,4.11028699303085e-08,3.26728468843631e-07,3.67382686589934e-07,0
2013,8,1.54006118736748e-14,1.65852862849575e-10,4.76723869889377e-09,8.03717945642764e-07,6.09803100113171e-07,0
2013,9,9.35095156027161e-16,5.06570077464513e-11,1.10839306971371e-09,1.22310949038692e-06,8.68930747881786e-07,0
2013,10,5.4284661714284e-17,8.01151570114957e-12,9.08919410030337e-10,1.79953402474184e-08,1.84501617900897e-06,0
2013,11,1.58670768143042e-17,2.23310730845909e-12,1.47111359946171e-09,7.56496709387515e-09,2.91106999273168e-06,0
2013,12,1.20524478978199e-16,1.74042025546067e-13,3.0692992316743e-10,6.41089910525927e-09,2.90450526941367e-06,0
2014,1,5.27046760937996e-17,2.18618990465499e-13,4.9970050043672e-10,4.88695648382667e-08,2.54012155863377e-07,0
2014,2,8.27354804154324e-17,4.64817524762409e-14,1.43961562516359e-10,6.31524948807363e-08,2.12423019111373e-07,0
2014,3,3.99309944028012e-17,1.00159016539962e-13,3.84657790841675e-11,1.7908649941493e-08,1.27179521797753e-07,0
2014,4,2.47275454634518e-17,3.85594979805681e-14,1.88504082090993e-11,6.57878342116697e-09,3.97154966960906e-07,0
2014,5,6.64585843690913e-18,6.98572135521768e-14,7.72487820166463e-12,2.42460691337119e-09,4.27179514971635e-07,0
2014,6,4.02433825596977e-18,2.41900776426862e-14,9.01785600544449e-12,1.02139001951885e-09,1.39664435846115e-07,0
2014,7,1.94472752915326e-18,2.14703543636401e-14,2.48110422933028e-12,4.12637286026047e-10,2.86126703474272e-08,0
2014,8,5.4386593886534e-19,6.1731678488833e-15,2.66695356071398e-12,9.22056202702795e-11,8.73617622846581e-09,0
2014,9,1.46322507854797e-19,4.1790709388536e-15,9.15707655150504e-13,2.35182921048273e-10,3.48615626317295e-09,0
2014,10,1.88729780244637e-19,2.66594124767158e-15,9.38685345859326e-13,2.43853767021067e-11,4.13388211241101e-09,0
2014,11,1.30964845342114e-19,2.37545361496469e-15,9.82856888009961e-13,5.41836982705343e-11,2.08976226558674e-09,0
2014,12,5.32770137316595e-19,5.03973673084412e-16,3.40613769980863e-13,2.94083196777915e-11,3.78147755460681e-09,0
2015,1,3.53571533585842e-19,1.84303718410947e-15,6.12501601086905e-13,6.31100655032596e-11,7.99695608825179e-10,0
2015,2,1.57851655082942e-18,8.74048924882288e-16,6.1023269513775e-13,6.04038824747242e-11,1.02348981630048e-09,0
2015,3,1.5054195543824e-17,1.61152676447857e-15,2.06134676176992e-13,2.30894633804046e-11,4.54953811784361e-10,0
2015,4,5.10363858080093e-17,3.00174960963086e-15,4.66484810294755e-13,3.29897524089977e-11,7.10081603063847e-10,0
2015,5,1.17419221665269e-16,7.94623494372966e-15,2.52358624750921e-13,4.29028093688387e-11,9.67827457923732e-10,0
2015,6,6.38266470611823e-16,4.0859585050029e-14,4.53295054006717e-13,1.84612908907477e-11,4.2581020598562e-10,0
2015,7,1.20214137294719e-15,1.15772313496183e-13,9.04537932640221e-13,2.216424309379e-11,3.75012025671348e-10,0
2015,8,4.96494001547199e-15,1.25234890794209e-13,1.11804682452526e-12,5.38619406969631e-12,4.33050576685012e-10,0
2015,9,2.31137972256261e-13,9.79881399522192e-13,7.50629265046646e-12,2.63004548693131e-11,2.82457558834188e-10,0
2015,10,8.25635774191676e-12,1.95252482669908e-12,2.07681948521207e-11,4.78168346185071e-11,4.70263555085692e-10,0
2015,11,4.10165475435133e-11,1.25998558763611e-11,6.09671631292242e-11,1.58387122622867e-10,2.70881592750302e-10,0
2015,12,1.33989217560639e-10,2.87427899439932e-10,2.6020863886148e-10,1.49050399586075e-09,1.29621172963945e-09,0
2016,1,6.87137832173545e-09,1.49943150928496e-09,7.46203996500216e-10,5.21951582012139e-09,4.7527545040699e-09,0
2016,2,4.49446376689489e-09,3.91861163746566e-09,2.94306969007183e-09,6.96514574553494e-09,9.34572691928513e-09,0
2016,3,3.92442335277574e-09,8.51869009486866e-09,2.94569204868045e-08,1.52472131682196e-08,3.46697998124524e-08,0
2016,4,2.7917702249545e-09,2.12290334275362e-07,3.38401680890058e-08,1.87813495884058e-08,6.57030443413021e-08,0
2016,5,3.15544939148788e-09,1.25422114655776e-07,3.32140223239302e-08,3.906465621491e-08,8.12074251207978e-08,0
2016,6,3.16301664817708e-10,2.31451259143608e-08,2.18610320080682e-08,1.2221106514311e-07,1.02689503252823e-07,0
2016,7,3.19542962019898e-11,6.01431350201052e-09,1.26128097023519e-07,2.49511026043717e-08,1.02169305172761e-07,0
2016,8,7.82198877694281e-11,1.2566721623855e-08,1.00266328791289e-07,2.28987766989763e-08,1.61733294683625e-07,0
2016,9,2.87947742741764e-10,3.16702123512483e-09,2.30739605929692e-08,1.43260395360807e-08,2.65988720743447e-07,0
2016,10,4.09654022151066e-11,2.93443660521264e-10,3.88413173647867e-09,3.04871257694164e-08,6.20505783773456e-08,0
2016,11,1.74200257039764e-11,1.15597081770148e-09,9.09861971502847e-09,4.9573873884732e-08,6.15626762700305e-08,0
2016,12,1.04540350605183e-12,2.79685959949642e-09,3.49338973806368e-09,1.02233557368947e-08,5.87574914379937e-08,0
2017,1,7.9160883848468e-14,2.44126502861426e-09,1.75218854772374e-09,5.2971035155239e-09,4.51961762170676e-08,0
2017,2,NaN,1.42425047386634e-09,8.83326041676266e-09,1.15592536506962e-08,6.46481111572743e-08,NaN
2017,3,NaN,6.01288156022228e-10,4.29106294759221e-08,1.10463936905864e-08,2.03123416058026e-08,NaN
2017,4,NaN,9.13592188676988e-11,5.27868377639291e-08,1.15046371531579e-08,1.5392882078075e-08,NaN
2017,5,NaN,NaN,3.29576228543843e-08,7.5371411539527e-08,2.39162301068876e-08,NaN
2017,6,NaN,NaN,3.1583777834635e-08,2.81059768856958e-07,3.19162720811805e-08,NaN
2017,7,NaN,NaN,8.11652114482354e-09,2.71629539631249e-07,3.6835380797768e-08,NaN
2017,8,NaN,NaN,NaN,3.25448738606425e-07,3.05478060871748e-07,NaN
2017,9,NaN,NaN,NaN,6.04197240524414e-07,8.94541267253247e-07,NaN
2017,10,NaN,NaN,NaN,1.84482705793629e-07,1.74281281556788e-06,NaN
2017,11,NaN,NaN,NaN,NaN,1.33469083543799e-06,NaN
2017,12,NaN,NaN,NaN,NaN,4.16056848295676e-06,NaN
2018,1,NaN,NaN,NaN,NaN,2.1983480568474e-06,NaN
